10-02-2024 02:26:20 AM,
10-02-2024 03:34:33 AM,
10-02-2024 04:29:39 AM,
10-02-2024 05:33:25 AM,
10-02-2024 06:24:30 AM,
10-02-2024 07:51:22 AM,11:30 AM; 1:00 PM; 2:30 PM; 4:00 PM; 4:00 PM; 5:30 PM; 5:30 PM; 7:00 PM; 7:00 PM; 8:30 PM; 8:30 PM
10-02-2024 08:32:44 AM,11:30 AM; 1:00 PM; 2:30 PM; 4:00 PM; 4:00 PM; 5:30 PM; 5:30 PM; 7:00 PM; 7:00 PM; 8:30 PM; 8:30 PM
10-02-2024 09:30:42 AM,11:30 AM; 1:00 PM; 2:30 PM; 4:00 PM; 4:00 PM; 5:30 PM; 5:30 PM; 7:00 PM; 7:00 PM; 8:30 PM; 8:30 PM
10-02-2024 10:30:20 AM,11:30 AM; 1:00 PM; 2:30 PM; 4:00 PM; 4:00 PM; 5:30 PM; 5:30 PM; 7:00 PM; 7:00 PM; 8:30 PM; 8:30 PM
10-02-2024 11:35:33 AM,11:30 AM; 1:00 PM; 2:30 PM; 4:00 PM; 4:00 PM; 5:30 PM; 5:30 PM; 7:00 PM; 7:00 PM; 8:30 PM; 8:30 PM
10-02-2024 12:29:07 PM,11:30 AM; 1:00 PM; 2:30 PM; 4:00 PM; 4:00 PM; 5:30 PM; 5:30 PM; 7:00 PM; 7:00 PM; 8:30 PM; 8:30 PM
10-02-2024 01:36:33 PM,11:30 AM; 1:00 PM; 2:30 PM; 4:00 PM; 4:00 PM; 5:30 PM; 5:30 PM; 7:00 PM; 7:00 PM; 8:30 PM; 8:30 PM
10-02-2024 02:23:51 PM,11:30 AM; 1:00 PM; 2:30 PM; 4:00 PM; 4:00 PM; 5:30 PM; 5:30 PM; 7:00 PM; 7:00 PM; 8:30 PM; 8:30 PM
10-02-2024 03:31:29 PM,11:30 AM; 1:00 PM; 2:30 PM; 4:00 PM; 4:00 PM; 5:30 PM; 5:30 PM; 7:00 PM; 7:00 PM; 8:30 PM; 8:30 PM
10-02-2024 04:29:36 PM,11:30 AM; 1:00 PM; 2:30 PM; 4:00 PM; 4:00 PM; 5:30 PM; 5:30 PM; 7:00 PM; 7:00 PM; 8:30 PM; 8:30 PM
10-02-2024 05:32:07 PM,11:30 AM; 1:00 PM; 2:30 PM; 4:00 PM; 4:00 PM; 5:30 PM; 5:30 PM; 7:00 PM; 7:00 PM; 8:30 PM; 8:30 PM
10-03-2024 02:26:49 AM,11:30 AM; 1:00 PM; 2:30 PM; 4:00 PM; 4:00 PM; 5:30 PM; 5:30 PM; 7:00 PM; 7:00 PM; 8:30 PM; 8:30 PM
10-03-2024 03:33:59 AM,11:30 AM; 1:00 PM; 2:30 PM; 4:00 PM; 4:00 PM; 5:30 PM; 5:30 PM; 7:00 PM; 7:00 PM; 8:30 PM; 8:30 PM
10-03-2024 04:29:32 AM,11:30 AM; 1:00 PM; 2:30 PM; 4:00 PM; 4:00 PM; 5:30 PM; 5:30 PM; 7:00 PM; 7:00 PM; 8:30 PM; 8:30 PM
10-03-2024 05:33:56 AM,11:30 AM; 1:00 PM; 2:30 PM; 4:00 PM; 4:00 PM; 5:30 PM; 5:30 PM; 7:00 PM; 7:00 PM; 8:30 PM; 8:30 PM
10-03-2024 06:24:42 AM,11:30 AM; 1:00 PM; 2:30 PM; 4:00 PM; 4:00 PM; 5:30 PM; 5:30 PM; 7:00 PM; 7:00 PM; 8:30 PM; 8:30 PM
10-03-2024 07:51:28 AM,11:30 AM; 1:00 PM; 2:30 PM; 4:00 PM; 4:00 PM; 5:30 PM; 5:30 PM; 7:00 PM; 7:00 PM; 8:30 PM; 8:30 PM
10-03-2024 08:32:46 AM,11:30 AM; 1:00 PM; 2:30 PM; 4:00 PM; 4:00 PM; 5:30 PM; 5:30 PM; 7:00 PM; 7:00 PM; 8:30 PM; 8:30 PM
10-03-2024 09:32:31 AM,11:30 AM; 1:00 PM; 2:30 PM; 4:00 PM; 4:00 PM; 5:30 PM; 5:30 PM; 7:00 PM; 7:00 PM; 8:30 PM; 8:30 PM
10-03-2024 10:30:32 AM,11:30 AM; 1:00 PM; 2:30 PM; 4:00 PM; 4:00 PM; 5:30 PM; 5:30 PM; 7:00 PM; 7:00 PM; 8:30 PM; 8:30 PM
10-03-2024 11:35:44 AM,11:30 AM; 1:00 PM; 2:30 PM; 4:00 PM; 4:00 PM; 5:30 PM; 5:30 PM; 7:00 PM; 7:00 PM; 8:30 PM; 8:30 PM
10-03-2024 12:30:30 PM,11:30 AM; 1:00 PM; 2:30 PM; 4:00 PM; 4:00 PM; 5:30 PM; 5:30 PM; 7:00 PM; 7:00 PM; 8:30 PM; 8:30 PM
10-03-2024 01:35:55 PM,11:30 AM; 1:00 PM; 2:30 PM; 4:00 PM; 4:00 PM; 5:30 PM; 5:30 PM; 7:00 PM; 7:00 PM; 8:30 PM; 8:30 PM
10-03-2024 02:22:32 PM,11:30 AM; 1:00 PM; 2:30 PM; 4:00 PM; 4:00 PM; 5:30 PM; 5:30 PM; 7:00 PM; 7:00 PM; 8:30 PM; 8:30 PM
10-03-2024 03:28:56 PM,11:30 AM; 1:00 PM; 2:30 PM; 4:00 PM; 4:00 PM; 5:30 PM; 5:30 PM; 7:00 PM; 7:00 PM; 8:30 PM; 8:30 PM
10-03-2024 04:26:37 PM,11:30 AM; 1:00 PM; 2:30 PM; 4:00 PM; 4:00 PM; 5:30 PM; 5:30 PM; 7:00 PM; 7:00 PM; 8:30 PM; 8:30 PM
10-03-2024 05:31:34 PM,11:30 AM; 1:00 PM; 2:30 PM; 4:00 PM; 4:00 PM; 5:30 PM; 5:30 PM; 7:00 PM; 7:00 PM; 8:30 PM; 8:30 PM
10-04-2024 02:27:33 AM,11:30 AM; 1:00 PM; 2:30 PM; 4:00 PM; 4:00 PM; 5:30 PM; 5:30 PM; 7:00 PM; 7:00 PM; 8:30 PM; 8:30 PM
10-04-2024 03:33:41 AM,11:30 AM; 1:00 PM; 2:30 PM; 4:00 PM; 4:00 PM; 5:30 PM; 5:30 PM; 7:00 PM; 7:00 PM; 8:30 PM; 8:30 PM
10-04-2024 04:29:23 AM,11:30 AM; 1:00 PM; 2:30 PM; 4:00 PM; 4:00 PM; 5:30 PM; 5:30 PM; 7:00 PM; 7:00 PM; 8:30 PM; 8:30 PM
10-04-2024 05:34:20 AM,11:30 AM; 1:00 PM; 2:30 PM; 4:00 PM; 4:00 PM; 5:30 PM; 5:30 PM; 7:00 PM; 7:00 PM; 8:30 PM; 8:30 PM
10-04-2024 06:22:52 AM,11:30 AM; 1:00 PM; 2:30 PM; 4:00 PM; 4:00 PM; 5:30 PM; 5:30 PM; 7:00 PM; 7:00 PM; 8:30 PM; 8:30 PM
10-04-2024 07:50:53 AM,11:30 AM; 1:00 PM; 2:30 PM; 4:00 PM; 4:00 PM; 5:30 PM; 5:30 PM; 7:00 PM; 7:00 PM; 8:30 PM; 8:30 PM
10-04-2024 08:32:12 AM,11:30 AM; 1:00 PM; 2:30 PM; 4:00 PM; 4:00 PM; 5:30 PM; 5:30 PM; 7:00 PM; 7:00 PM; 8:30 PM; 8:30 PM
10-04-2024 09:31:31 AM,11:30 AM; 1:00 PM; 2:30 PM; 4:00 PM; 4:00 PM; 5:30 PM; 5:30 PM; 7:00 PM; 7:00 PM; 8:30 PM; 8:30 PM
10-04-2024 10:30:01 AM,11:30 AM; 1:00 PM; 2:30 PM; 4:00 PM; 4:00 PM; 5:30 PM; 5:30 PM; 7:00 PM; 7:00 PM; 8:30 PM; 8:30 PM
10-04-2024 11:35:37 AM,11:30 AM; 1:00 PM; 2:30 PM; 4:00 PM; 4:00 PM; 5:30 PM; 5:30 PM; 7:00 PM; 7:00 PM; 8:30 PM; 8:30 PM
10-04-2024 12:29:33 PM,11:30 AM; 1:00 PM; 2:30 PM; 4:00 PM; 4:00 PM; 5:30 PM; 5:30 PM; 7:00 PM; 7:00 PM; 8:30 PM; 8:30 PM
10-04-2024 01:35:26 PM,11:30 AM; 1:00 PM; 2:30 PM; 4:00 PM; 4:00 PM; 5:30 PM; 5:30 PM; 7:00 PM; 7:00 PM; 8:30 PM; 8:30 PM
10-04-2024 02:24:15 PM,11:30 AM; 1:00 PM; 2:30 PM; 4:00 PM; 4:00 PM; 5:30 PM; 5:30 PM; 7:00 PM; 7:00 PM; 8:30 PM; 8:30 PM
10-04-2024 03:28:46 PM,
10-04-2024 04:26:31 PM,11:30 AM; 1:00 PM; 2:30 PM; 4:00 PM; 4:00 PM; 5:30 PM; 5:30 PM; 7:00 PM; 7:00 PM; 8:30 PM; 8:30 PM
10-04-2024 05:30:51 PM,11:30 AM; 1:00 PM; 2:30 PM; 4:00 PM; 4:00 PM; 5:30 PM; 5:30 PM; 7:00 PM; 7:00 PM; 8:30 PM; 8:30 PM
10-05-2024 02:26:29 AM,11:30 AM; 1:00 PM; 2:30 PM; 4:00 PM; 4:00 PM; 5:30 PM; 5:30 PM; 7:00 PM; 7:00 PM; 8:30 PM; 8:30 PM
10-05-2024 03:32:03 AM,11:30 AM; 1:00 PM; 2:30 PM; 4:00 PM; 4:00 PM; 5:30 PM; 5:30 PM; 7:00 PM; 7:00 PM; 8:30 PM; 8:30 PM
10-05-2024 04:29:42 AM,11:30 AM; 1:00 PM; 2:30 PM; 4:00 PM; 4:00 PM; 5:30 PM; 5:30 PM; 7:00 PM; 7:00 PM; 8:30 PM; 8:30 PM
10-05-2024 05:31:22 AM,11:30 AM; 1:00 PM; 2:30 PM; 4:00 PM; 4:00 PM; 5:30 PM; 5:30 PM; 7:00 PM; 7:00 PM; 8:30 PM; 8:30 PM
10-05-2024 06:24:15 AM,11:30 AM; 1:00 PM; 2:30 PM; 4:00 PM; 4:00 PM; 5:30 PM; 5:30 PM; 7:00 PM; 7:00 PM; 8:30 PM; 8:30 PM
10-05-2024 07:47:56 AM,11:30 AM; 1:00 PM; 2:30 PM; 4:00 PM; 4:00 PM; 5:30 PM; 5:30 PM; 7:00 PM; 7:00 PM; 8:30 PM; 8:30 PM
10-05-2024 08:28:54 AM,11:30 AM; 1:00 PM; 2:30 PM; 4:00 PM; 4:00 PM; 5:30 PM; 5:30 PM; 7:00 PM; 7:00 PM; 8:30 PM; 8:30 PM
10-05-2024 09:28:49 AM,11:30 AM; 1:00 PM; 2:30 PM; 4:00 PM; 4:00 PM; 5:30 PM; 5:30 PM; 7:00 PM; 7:00 PM; 8:30 PM; 8:30 PM
10-05-2024 10:27:57 AM,11:30 AM; 1:00 PM; 2:30 PM; 4:00 PM; 4:00 PM; 5:30 PM; 5:30 PM; 7:00 PM; 7:00 PM; 8:30 PM; 8:30 PM
10-05-2024 11:33:17 AM,11:30 AM; 1:00 PM; 2:30 PM; 4:00 PM; 4:00 PM; 5:30 PM; 5:30 PM; 7:00 PM; 7:00 PM; 8:30 PM; 8:30 PM
10-05-2024 12:29:31 PM,11:30 AM; 1:00 PM; 2:30 PM; 4:00 PM; 4:00 PM; 5:30 PM; 5:30 PM; 7:00 PM; 7:00 PM; 8:30 PM; 8:30 PM
10-05-2024 01:33:11 PM,11:30 AM; 1:00 PM; 2:30 PM; 4:00 PM; 4:00 PM; 5:30 PM; 5:30 PM; 7:00 PM; 7:00 PM; 8:30 PM; 8:30 PM
10-05-2024 02:23:33 PM,11:30 AM; 1:00 PM; 2:30 PM; 4:00 PM; 4:00 PM; 5:30 PM; 5:30 PM; 7:00 PM; 7:00 PM; 8:30 PM; 8:30 PM
10-05-2024 03:27:22 PM,11:30 AM; 1:00 PM; 2:30 PM; 4:00 PM; 4:00 PM; 5:30 PM; 5:30 PM; 7:00 PM; 7:00 PM; 8:30 PM; 8:30 PM
10-05-2024 04:26:56 PM,11:30 AM; 1:00 PM; 2:30 PM; 4:00 PM; 4:00 PM; 5:30 PM; 5:30 PM; 7:00 PM; 7:00 PM; 8:30 PM; 8:30 PM
10-05-2024 05:30:58 PM,11:30 AM; 1:00 PM; 2:30 PM; 4:00 PM; 4:00 PM; 5:30 PM; 5:30 PM; 7:00 PM; 7:00 PM; 8:30 PM; 8:30 PM
10-06-2024 02:25:23 AM,11:30 AM; 1:00 PM; 2:30 PM; 4:00 PM; 4:00 PM; 5:30 PM; 5:30 PM; 7:00 PM; 7:00 PM; 8:30 PM; 8:30 PM
10-06-2024 03:31:42 AM,11:30 AM; 1:00 PM; 2:30 PM; 4:00 PM; 4:00 PM; 5:30 PM; 5:30 PM; 7:00 PM; 7:00 PM; 8:30 PM; 8:30 PM
10-06-2024 04:27:41 AM,11:30 AM; 1:00 PM; 2:30 PM; 4:00 PM; 4:00 PM; 5:30 PM; 5:30 PM; 7:00 PM; 7:00 PM; 8:30 PM; 8:30 PM
10-06-2024 05:33:11 AM,11:30 AM; 1:00 PM; 2:30 PM; 4:00 PM; 4:00 PM; 5:30 PM; 5:30 PM; 7:00 PM; 7:00 PM; 8:30 PM; 8:30 PM
10-06-2024 06:23:52 AM,11:30 AM; 1:00 PM; 2:30 PM; 4:00 PM; 4:00 PM; 5:30 PM; 5:30 PM; 7:00 PM; 7:00 PM; 8:30 PM; 8:30 PM
10-06-2024 07:48:02 AM,11:30 AM; 1:00 PM; 2:30 PM; 4:00 PM; 4:00 PM; 5:30 PM; 5:30 PM; 7:00 PM; 7:00 PM; 8:30 PM; 8:30 PM
10-06-2024 08:29:04 AM,11:30 AM; 1:00 PM; 2:30 PM; 4:00 PM; 4:00 PM; 5:30 PM; 5:30 PM; 7:00 PM; 7:00 PM; 8:30 PM; 8:30 PM
10-06-2024 09:29:24 AM,11:30 AM; 1:00 PM; 2:30 PM; 4:00 PM; 4:00 PM; 5:30 PM; 5:30 PM; 7:00 PM; 7:00 PM; 8:30 PM; 8:30 PM
10-06-2024 10:27:52 AM,11:30 AM; 1:00 PM; 2:30 PM; 4:00 PM; 4:00 PM; 5:30 PM; 5:30 PM; 7:00 PM; 7:00 PM; 8:30 PM; 8:30 PM
10-06-2024 11:32:34 AM,11:30 AM; 1:00 PM; 2:30 PM; 4:00 PM; 4:00 PM; 5:30 PM; 5:30 PM; 7:00 PM; 7:00 PM; 8:30 PM; 8:30 PM
10-06-2024 12:29:41 PM,11:30 AM; 1:00 PM; 2:30 PM; 4:00 PM; 4:00 PM; 5:30 PM; 5:30 PM; 7:00 PM; 7:00 PM; 8:30 PM; 8:30 PM
10-06-2024 01:33:00 PM,11:30 AM; 1:00 PM; 2:30 PM; 4:00 PM; 4:00 PM; 5:30 PM; 5:30 PM; 7:00 PM; 7:00 PM; 8:30 PM; 8:30 PM
10-06-2024 02:23:05 PM,11:30 AM; 1:00 PM; 2:30 PM; 4:00 PM; 4:00 PM; 5:30 PM; 5:30 PM; 7:00 PM; 7:00 PM; 8:30 PM; 8:30 PM
10-06-2024 03:27:27 PM,11:30 AM; 1:00 PM; 2:30 PM; 4:00 PM; 4:00 PM; 5:30 PM; 5:30 PM; 7:00 PM; 7:00 PM; 8:30 PM; 8:30 PM
10-06-2024 04:25:47 PM,11:30 AM; 1:00 PM; 2:30 PM; 4:00 PM; 4:00 PM; 5:30 PM; 5:30 PM; 7:00 PM; 7:00 PM; 8:30 PM; 8:30 PM
10-06-2024 05:30:12 PM,11:30 AM; 1:00 PM; 2:30 PM; 4:00 PM; 4:00 PM; 5:30 PM; 5:30 PM; 7:00 PM; 7:00 PM; 8:30 PM; 8:30 PM
10-07-2024 02:26:56 AM,11:30 AM; 1:00 PM; 2:30 PM; 4:00 PM; 4:00 PM; 5:30 PM; 5:30 PM; 7:00 PM; 7:00 PM; 8:30 PM; 8:30 PM
10-07-2024 03:34:57 AM,11:30 AM; 1:00 PM; 2:30 PM; 4:00 PM; 4:00 PM; 5:30 PM; 5:30 PM; 7:00 PM; 7:00 PM; 8:30 PM; 8:30 PM
10-07-2024 04:30:28 AM,11:30 AM; 1:00 PM; 2:30 PM; 4:00 PM; 4:00 PM; 5:30 PM; 5:30 PM; 7:00 PM; 7:00 PM; 8:30 PM; 8:30 PM
10-07-2024 05:34:46 AM,11:30 AM; 1:00 PM; 2:30 PM; 4:00 PM; 4:00 PM; 5:30 PM; 5:30 PM; 7:00 PM; 7:00 PM; 8:30 PM; 8:30 PM
10-07-2024 06:26:30 AM,11:30 AM; 1:00 PM; 2:30 PM; 4:00 PM; 4:00 PM; 5:30 PM; 5:30 PM; 7:00 PM; 7:00 PM; 8:30 PM; 8:30 PM
10-07-2024 07:52:30 AM,11:30 AM; 1:00 PM; 2:30 PM; 4:00 PM; 4:00 PM; 5:30 PM; 5:30 PM; 7:00 PM; 7:00 PM; 8:30 PM; 8:30 PM
10-07-2024 08:33:53 AM,11:30 AM; 1:00 PM; 2:30 PM; 4:00 PM; 4:00 PM; 5:30 PM; 5:30 PM; 7:00 PM; 7:00 PM; 8:30 PM; 8:30 PM
10-07-2024 09:32:10 AM,11:30 AM; 1:00 PM; 2:30 PM; 4:00 PM; 4:00 PM; 5:30 PM; 5:30 PM; 7:00 PM; 7:00 PM; 8:30 PM; 8:30 PM
10-07-2024 10:30:13 AM,11:30 AM; 1:00 PM; 2:30 PM; 4:00 PM; 4:00 PM; 5:30 PM; 5:30 PM; 7:00 PM; 7:00 PM; 8:30 PM; 8:30 PM
10-07-2024 11:35:03 AM,11:30 AM; 1:00 PM; 2:30 PM; 4:00 PM; 4:00 PM; 5:30 PM; 5:30 PM; 7:00 PM; 7:00 PM; 8:30 PM; 8:30 PM
10-07-2024 12:29:55 PM,11:30 AM; 1:00 PM; 2:30 PM; 4:00 PM; 4:00 PM; 5:30 PM; 5:30 PM; 7:00 PM; 7:00 PM; 8:30 PM; 8:30 PM
10-07-2024 01:34:32 PM,11:30 AM; 1:00 PM; 2:30 PM; 4:00 PM; 4:00 PM; 5:30 PM; 5:30 PM; 7:00 PM; 7:00 PM; 8:30 PM; 8:30 PM
10-07-2024 02:23:11 PM,11:30 AM; 1:00 PM; 2:30 PM; 4:00 PM; 4:00 PM; 5:30 PM; 5:30 PM; 7:00 PM; 7:00 PM; 8:30 PM; 8:30 PM
10-07-2024 03:31:19 PM,11:30 AM; 1:00 PM; 2:30 PM; 4:00 PM; 4:00 PM; 5:30 PM; 5:30 PM; 7:00 PM; 7:00 PM; 8:30 PM; 8:30 PM
10-07-2024 04:27:15 PM,11:30 AM; 1:00 PM; 2:30 PM; 4:00 PM; 4:00 PM; 5:30 PM; 5:30 PM; 7:00 PM; 7:00 PM; 8:30 PM; 8:30 PM
10-07-2024 05:32:22 PM,11:30 AM; 1:00 PM; 2:30 PM; 4:00 PM; 4:00 PM; 5:30 PM; 5:30 PM; 7:00 PM; 7:00 PM; 8:30 PM; 8:30 PM
10-08-2024 02:27:38 AM,11:30 AM; 1:00 PM; 2:30 PM; 4:00 PM; 4:00 PM; 5:30 PM; 5:30 PM; 7:00 PM; 7:00 PM; 8:30 PM; 8:30 PM
10-08-2024 03:34:39 AM,11:30 AM; 1:00 PM; 2:30 PM; 4:00 PM; 4:00 PM; 5:30 PM; 5:30 PM; 7:00 PM; 7:00 PM; 8:30 PM; 8:30 PM
10-08-2024 04:29:32 AM,11:30 AM; 1:00 PM; 2:30 PM; 4:00 PM; 4:00 PM; 5:30 PM; 5:30 PM; 7:00 PM; 7:00 PM; 8:30 PM; 8:30 PM
10-08-2024 05:33:43 AM,11:30 AM; 1:00 PM; 2:30 PM; 4:00 PM; 4:00 PM; 5:30 PM; 5:30 PM; 7:00 PM; 7:00 PM; 8:30 PM; 8:30 PM
10-08-2024 06:26:23 AM,11:30 AM; 1:00 PM; 2:30 PM; 4:00 PM; 4:00 PM; 5:30 PM; 5:30 PM; 7:00 PM; 7:00 PM; 8:30 PM; 8:30 PM
10-08-2024 07:49:41 AM,11:30 AM; 1:00 PM; 2:30 PM; 4:00 PM; 4:00 PM; 5:30 PM; 5:30 PM; 7:00 PM; 7:00 PM; 8:30 PM; 8:30 PM
10-08-2024 08:32:11 AM,11:30 AM; 1:00 PM; 2:30 PM; 4:00 PM; 4:00 PM; 5:30 PM; 5:30 PM; 7:00 PM; 7:00 PM; 8:30 PM; 8:30 PM
10-08-2024 09:33:11 AM,11:30 AM; 1:00 PM; 2:30 PM; 4:00 PM; 4:00 PM; 5:30 PM; 5:30 PM; 8:30 PM; 8:30 PM
10-08-2024 10:30:27 AM,11:30 AM; 1:00 PM; 2:30 PM; 4:00 PM; 4:00 PM; 5:30 PM; 5:30 PM; 7:00 PM; 7:00 PM; 8:30 PM; 8:30 PM
10-08-2024 11:36:01 AM,11:30 AM; 1:00 PM; 2:30 PM; 4:00 PM; 4:00 PM; 5:30 PM; 5:30 PM; 7:00 PM; 7:00 PM; 8:30 PM; 8:30 PM
10-08-2024 12:29:35 PM,11:30 AM; 1:00 PM; 2:30 PM; 4:00 PM; 4:00 PM; 5:30 PM; 5:30 PM; 7:00 PM; 7:00 PM; 8:30 PM; 8:30 PM
10-08-2024 01:35:35 PM,11:30 AM; 1:00 PM; 2:30 PM; 4:00 PM; 4:00 PM; 5:30 PM; 5:30 PM; 7:00 PM; 7:00 PM; 8:30 PM; 8:30 PM
10-08-2024 02:20:45 PM,11:30 AM; 1:00 PM; 2:30 PM; 4:00 PM; 4:00 PM; 5:30 PM; 5:30 PM; 7:00 PM; 7:00 PM; 8:30 PM; 8:30 PM
10-08-2024 03:24:25 PM,11:30 AM; 1:00 PM; 2:30 PM; 4:00 PM; 4:00 PM; 5:30 PM; 5:30 PM; 7:00 PM; 7:00 PM; 8:30 PM; 8:30 PM
10-08-2024 04:28:08 PM,11:30 AM; 1:00 PM; 2:30 PM; 4:00 PM; 4:00 PM; 5:30 PM; 5:30 PM; 7:00 PM; 7:00 PM; 8:30 PM; 8:30 PM
10-08-2024 05:31:18 PM,11:30 AM; 1:00 PM; 2:30 PM; 4:00 PM; 4:00 PM; 5:30 PM; 5:30 PM; 7:00 PM; 7:00 PM; 8:30 PM; 8:30 PM
10-09-2024 02:26:40 AM,11:30 AM; 1:00 PM; 2:30 PM; 4:00 PM; 4:00 PM; 5:30 PM; 5:30 PM; 7:00 PM; 7:00 PM; 8:30 PM; 8:30 PM
10-09-2024 03:33:58 AM,11:30 AM; 1:00 PM; 2:30 PM; 4:00 PM; 4:00 PM; 5:30 PM; 5:30 PM; 7:00 PM; 7:00 PM; 8:30 PM; 8:30 PM
10-09-2024 04:30:13 AM,11:30 AM; 1:00 PM; 2:30 PM; 4:00 PM; 4:00 PM; 5:30 PM; 5:30 PM; 7:00 PM; 7:00 PM; 8:30 PM; 8:30 PM
10-09-2024 05:34:32 AM,11:30 AM; 1:00 PM; 2:30 PM; 4:00 PM; 4:00 PM; 5:30 PM; 5:30 PM; 7:00 PM; 7:00 PM; 8:30 PM; 8:30 PM
10-09-2024 06:25:10 AM,11:30 AM; 1:00 PM; 2:30 PM; 4:00 PM; 4:00 PM; 5:30 PM; 5:30 PM; 7:00 PM; 7:00 PM; 8:30 PM; 8:30 PM
10-09-2024 07:51:00 AM,11:30 AM; 1:00 PM; 2:30 PM; 4:00 PM; 4:00 PM; 5:30 PM; 5:30 PM; 7:00 PM; 7:00 PM; 8:30 PM; 8:30 PM
10-09-2024 08:33:44 AM,11:30 AM; 1:00 PM; 2:30 PM; 4:00 PM; 4:00 PM; 5:30 PM; 5:30 PM; 7:00 PM; 7:00 PM; 8:30 PM; 8:30 PM
10-09-2024 09:31:40 AM,11:30 AM; 1:00 PM; 2:30 PM; 4:00 PM; 4:00 PM; 5:30 PM; 5:30 PM; 7:00 PM; 7:00 PM; 8:30 PM; 8:30 PM
10-09-2024 10:30:09 AM,11:30 AM; 1:00 PM; 2:30 PM; 4:00 PM; 4:00 PM; 5:30 PM; 5:30 PM; 7:00 PM; 7:00 PM; 8:30 PM; 8:30 PM
10-09-2024 11:34:17 AM,1:00 PM; 2:30 PM; 4:00 PM; 4:00 PM; 5:30 PM; 5:30 PM; 7:00 PM; 7:00 PM; 8:30 PM; 8:30 PM
10-09-2024 12:31:31 PM,1:00 PM; 2:30 PM; 4:00 PM; 4:00 PM; 5:30 PM; 5:30 PM; 7:00 PM; 7:00 PM; 8:30 PM; 8:30 PM
10-09-2024 01:35:36 PM,2:30 PM; 5:30 PM; 5:30 PM; 7:00 PM; 7:00 PM; 8:30 PM; 8:30 PM
10-09-2024 02:23:33 PM,2:30 PM; 5:30 PM; 5:30 PM; 7:00 PM; 7:00 PM; 8:30 PM; 8:30 PM
10-09-2024 03:29:15 PM,5:30 PM; 5:30 PM; 7:00 PM; 7:00 PM; 8:30 PM; 8:30 PM
10-09-2024 04:26:38 PM,5:30 PM; 5:30 PM; 7:00 PM; 7:00 PM; 8:30 PM; 8:30 PM
10-09-2024 05:31:06 PM,7:00 PM; 7:00 PM; 8:30 PM; 8:30 PM
