Query Date,Available Times
11-26-2023 01:21:02 AM,10:00 AM; 11:30 AM; 1:00 PM; 2:30 PM; 4:00 PM; 8:30 PM
11-26-2023 02:26:22 AM,10:00 AM; 11:30 AM; 1:00 PM; 2:30 PM; 4:00 PM; 8:30 PM
11-26-2023 03:21:14 AM,10:00 AM; 11:30 AM; 1:00 PM; 2:30 PM; 4:00 PM; 8:30 PM
11-26-2023 04:27:50 AM,10:00 AM; 11:30 AM; 1:00 PM; 2:30 PM; 4:00 PM; 8:30 PM
11-26-2023 05:20:52 AM,10:00 AM; 11:30 AM; 1:00 PM; 2:30 PM; 4:00 PM; 8:30 PM
11-26-2023 06:39:30 AM,10:00 AM; 11:30 AM; 1:00 PM; 2:30 PM; 4:00 PM; 8:30 PM
11-26-2023 07:23:46 AM,10:00 AM; 11:30 AM; 1:00 PM; 2:30 PM; 4:00 PM; 8:30 PM
11-26-2023 08:24:56 AM,10:00 AM; 11:30 AM; 1:00 PM; 2:30 PM; 4:00 PM; 8:30 PM
11-26-2023 09:22:34 AM,10:00 AM; 11:30 AM; 1:00 PM; 2:30 PM; 4:00 PM; 8:30 PM
11-26-2023 10:28:45 AM,10:00 AM; 11:30 AM; 1:00 PM; 2:30 PM; 4:00 PM; 8:30 PM
11-26-2023 11:26:10 AM,10:00 AM; 11:30 AM; 1:00 PM; 2:30 PM; 4:00 PM; 8:30 PM
11-26-2023 12:26:30 PM,10:00 AM; 11:30 AM; 1:00 PM; 2:30 PM; 4:00 PM; 8:30 PM
11-26-2023 01:20:49 PM,10:00 AM; 11:30 AM; 1:00 PM; 2:30 PM; 4:00 PM; 8:30 PM
11-26-2023 02:23:08 PM,10:00 AM; 11:30 AM; 1:00 PM; 2:30 PM; 4:00 PM; 8:30 PM
11-26-2023 03:20:53 PM,10:00 AM; 11:30 AM; 1:00 PM; 2:30 PM; 4:00 PM; 8:30 PM
11-26-2023 04:26:15 PM,10:00 AM; 11:30 AM; 1:00 PM; 2:30 PM; 4:00 PM; 8:30 PM
11-27-2023 01:22:03 AM,10:00 AM; 11:30 AM; 1:00 PM; 2:30 PM; 4:00 PM; 8:30 PM
11-27-2023 02:29:45 AM,10:00 AM; 11:30 AM; 1:00 PM; 2:30 PM; 4:00 PM; 8:30 PM
11-27-2023 03:24:40 AM,10:00 AM; 11:30 AM; 1:00 PM; 2:30 PM; 4:00 PM; 8:30 PM
11-27-2023 04:30:35 AM,10:00 AM; 11:30 AM; 1:00 PM; 2:30 PM; 4:00 PM; 8:30 PM
11-27-2023 05:21:10 AM,10:00 AM; 11:30 AM; 1:00 PM; 2:30 PM; 4:00 PM; 8:30 PM
11-27-2023 06:44:23 AM,10:00 AM; 11:30 AM; 1:00 PM; 2:30 PM; 4:00 PM; 8:30 PM
11-27-2023 07:27:16 AM,10:00 AM; 11:30 AM; 1:00 PM; 2:30 PM; 4:00 PM; 8:30 PM
11-27-2023 08:28:18 AM,10:00 AM; 11:30 AM; 1:00 PM; 2:30 PM; 4:00 PM; 8:30 PM
11-27-2023 09:25:42 AM,10:00 AM; 11:30 AM; 1:00 PM; 2:30 PM; 4:00 PM; 8:30 PM
11-27-2023 10:32:43 AM,10:00 AM; 11:30 AM; 1:00 PM; 2:30 PM; 4:00 PM; 8:30 PM
11-27-2023 11:26:59 AM,10:00 AM; 11:30 AM; 1:00 PM; 2:30 PM; 4:00 PM; 8:30 PM
11-27-2023 12:29:13 PM,10:00 AM; 11:30 AM; 1:00 PM; 2:30 PM; 4:00 PM; 8:30 PM
11-27-2023 01:20:55 PM,10:00 AM; 11:30 AM; 1:00 PM; 2:30 PM; 4:00 PM; 8:30 PM
11-27-2023 02:25:09 PM,10:00 AM; 11:30 AM; 1:00 PM; 2:30 PM; 4:00 PM; 8:30 PM
11-27-2023 03:22:01 PM,10:00 AM; 11:30 AM; 1:00 PM; 2:30 PM; 4:00 PM; 8:30 PM
11-27-2023 04:26:45 PM,10:00 AM; 11:30 AM; 1:00 PM; 2:30 PM; 4:00 PM; 8:30 PM
11-28-2023 01:22:09 AM,10:00 AM; 11:30 AM; 1:00 PM; 2:30 PM; 4:00 PM; 8:30 PM
11-28-2023 02:28:38 AM,10:00 AM; 11:30 AM; 1:00 PM; 2:30 PM; 4:00 PM; 8:30 PM
11-28-2023 03:24:09 AM,10:00 AM; 11:30 AM; 1:00 PM; 2:30 PM; 4:00 PM; 8:30 PM
11-28-2023 04:30:37 AM,10:00 AM; 11:30 AM; 1:00 PM; 2:30 PM; 4:00 PM; 8:30 PM
11-28-2023 05:21:12 AM,10:00 AM; 11:30 AM; 1:00 PM; 2:30 PM; 4:00 PM; 8:30 PM
11-28-2023 06:43:25 AM,10:00 AM; 11:30 AM; 1:00 PM; 2:30 PM; 4:00 PM; 8:30 PM
11-28-2023 07:26:50 AM,10:00 AM; 11:30 AM; 1:00 PM; 2:30 PM; 4:00 PM; 8:30 PM
11-28-2023 08:28:24 AM,10:00 AM; 11:30 AM; 1:00 PM; 2:30 PM; 4:00 PM; 8:30 PM
11-28-2023 09:26:11 AM,10:00 AM; 11:30 AM; 1:00 PM; 2:30 PM; 4:00 PM; 8:30 PM
11-28-2023 10:32:20 AM,10:00 AM; 11:30 AM; 1:00 PM; 2:30 PM; 4:00 PM; 8:30 PM
11-28-2023 11:26:53 AM,10:00 AM; 11:30 AM; 1:00 PM; 2:30 PM; 4:00 PM; 8:30 PM
11-28-2023 12:29:17 PM,10:00 AM; 11:30 AM; 1:00 PM; 2:30 PM; 4:00 PM; 8:30 PM
11-28-2023 01:20:47 PM,10:00 AM; 11:30 AM; 1:00 PM; 2:30 PM; 4:00 PM; 8:30 PM
11-28-2023 02:24:28 PM,10:00 AM; 11:30 AM; 1:00 PM; 2:30 PM; 4:00 PM; 8:30 PM
11-28-2023 03:21:38 PM,10:00 AM; 11:30 AM; 1:00 PM; 2:30 PM; 4:00 PM; 8:30 PM
11-28-2023 04:27:31 PM,10:00 AM; 11:30 AM; 1:00 PM; 2:30 PM; 4:00 PM; 8:30 PM
11-29-2023 01:22:22 AM,10:00 AM; 11:30 AM; 1:00 PM; 2:30 PM; 4:00 PM; 8:30 PM
11-29-2023 02:28:59 AM,10:00 AM; 11:30 AM; 1:00 PM; 2:30 PM; 4:00 PM; 8:30 PM
11-29-2023 03:24:01 AM,10:00 AM; 11:30 AM; 1:00 PM; 2:30 PM; 4:00 PM; 8:30 PM
11-29-2023 04:30:33 AM,10:00 AM; 11:30 AM; 1:00 PM; 2:30 PM; 4:00 PM; 8:30 PM
11-29-2023 05:21:03 AM,10:00 AM; 11:30 AM; 1:00 PM; 2:30 PM; 4:00 PM; 8:30 PM
11-29-2023 06:43:26 AM,10:00 AM; 11:30 AM; 1:00 PM; 2:30 PM; 4:00 PM; 8:30 PM
11-29-2023 07:26:42 AM,10:00 AM; 11:30 AM; 1:00 PM; 2:30 PM; 4:00 PM; 8:30 PM
11-29-2023 08:26:16 AM,10:00 AM; 11:30 AM; 1:00 PM; 2:30 PM; 4:00 PM; 8:30 PM
11-29-2023 09:25:49 AM,10:00 AM; 11:30 AM; 1:00 PM; 2:30 PM; 4:00 PM; 8:30 PM
11-29-2023 10:32:12 AM,10:00 AM; 11:30 AM; 1:00 PM; 2:30 PM; 4:00 PM; 8:30 PM
11-29-2023 11:27:39 AM,10:00 AM; 11:30 AM; 1:00 PM; 2:30 PM; 4:00 PM; 8:30 PM
11-29-2023 12:28:16 PM,10:00 AM; 11:30 AM; 1:00 PM; 2:30 PM; 4:00 PM; 8:30 PM
11-29-2023 01:21:05 PM,10:00 AM; 11:30 AM; 1:00 PM; 2:30 PM; 4:00 PM; 8:30 PM
11-29-2023 02:24:41 PM,10:00 AM; 11:30 AM; 1:00 PM; 2:30 PM; 4:00 PM; 8:30 PM
11-29-2023 03:21:30 PM,10:00 AM; 11:30 AM; 1:00 PM; 2:30 PM; 4:00 PM; 8:30 PM
11-29-2023 04:27:41 PM,10:00 AM; 11:30 AM; 1:00 PM; 2:30 PM; 4:00 PM; 8:30 PM
11-30-2023 01:21:38 AM,10:00 AM; 11:30 AM; 1:00 PM; 2:30 PM; 4:00 PM; 8:30 PM
11-30-2023 02:28:12 AM,10:00 AM; 11:30 AM; 1:00 PM; 2:30 PM; 4:00 PM; 8:30 PM
11-30-2023 03:24:01 AM,10:00 AM; 11:30 AM; 1:00 PM; 2:30 PM; 4:00 PM; 8:30 PM
11-30-2023 04:30:05 AM,10:00 AM; 11:30 AM; 1:00 PM; 2:30 PM; 4:00 PM; 8:30 PM
11-30-2023 05:21:06 AM,10:00 AM; 11:30 AM; 1:00 PM; 2:30 PM; 4:00 PM; 8:30 PM
11-30-2023 06:43:00 AM,10:00 AM; 11:30 AM; 1:00 PM; 2:30 PM; 4:00 PM; 8:30 PM
11-30-2023 07:30:30 AM,10:00 AM; 11:30 AM; 1:00 PM; 2:30 PM; 4:00 PM; 8:30 PM
11-30-2023 08:27:57 AM,10:00 AM; 11:30 AM; 1:00 PM; 2:30 PM; 4:00 PM; 8:30 PM
11-30-2023 09:24:36 AM,10:00 AM; 11:30 AM; 1:00 PM; 2:30 PM; 4:00 PM; 8:30 PM
11-30-2023 10:32:58 AM,10:00 AM; 11:30 AM; 1:00 PM; 2:30 PM; 4:00 PM; 8:30 PM
11-30-2023 11:27:22 AM,10:00 AM; 11:30 AM; 1:00 PM; 2:30 PM; 4:00 PM; 8:30 PM
11-30-2023 12:29:03 PM,10:00 AM; 11:30 AM; 1:00 PM; 2:30 PM; 4:00 PM; 8:30 PM
11-30-2023 01:20:57 PM,10:00 AM; 11:30 AM; 1:00 PM; 2:30 PM; 4:00 PM; 8:30 PM
11-30-2023 02:24:21 PM,10:00 AM; 11:30 AM; 1:00 PM; 2:30 PM; 4:00 PM; 8:30 PM
11-30-2023 03:21:55 PM,10:00 AM; 11:30 AM; 1:00 PM; 2:30 PM; 4:00 PM; 8:30 PM
11-30-2023 04:27:42 PM,10:00 AM; 11:30 AM; 1:00 PM; 2:30 PM; 4:00 PM; 8:30 PM
12-01-2023 01:22:10 AM,10:00 AM; 11:30 AM; 1:00 PM; 2:30 PM; 4:00 PM; 8:30 PM
12-01-2023 02:28:56 AM,10:00 AM; 11:30 AM; 1:00 PM; 2:30 PM; 4:00 PM; 8:30 PM
12-01-2023 03:24:15 AM,10:00 AM; 11:30 AM; 1:00 PM; 2:30 PM; 4:00 PM; 8:30 PM
12-01-2023 04:30:24 AM,10:00 AM; 11:30 AM; 1:00 PM; 2:30 PM; 4:00 PM; 8:30 PM
12-01-2023 05:21:31 AM,10:00 AM; 11:30 AM; 1:00 PM; 2:30 PM; 4:00 PM; 8:30 PM
12-01-2023 06:43:19 AM,10:00 AM; 11:30 AM; 1:00 PM; 2:30 PM; 4:00 PM; 8:30 PM
12-01-2023 07:27:14 AM,10:00 AM; 11:30 AM; 1:00 PM; 2:30 PM; 4:00 PM; 8:30 PM
12-01-2023 08:27:39 AM,10:00 AM; 11:30 AM; 1:00 PM; 2:30 PM; 4:00 PM; 8:30 PM
12-01-2023 09:25:06 AM,10:00 AM; 11:30 AM; 1:00 PM; 2:30 PM; 4:00 PM; 8:30 PM
12-01-2023 10:31:01 AM,10:00 AM; 11:30 AM; 1:00 PM; 2:30 PM; 4:00 PM; 8:30 PM
12-01-2023 11:26:45 AM,10:00 AM; 11:30 AM; 1:00 PM; 2:30 PM; 4:00 PM; 8:30 PM
12-01-2023 12:28:40 PM,10:00 AM; 11:30 AM; 1:00 PM; 2:30 PM; 4:00 PM; 8:30 PM
12-01-2023 01:20:49 PM,10:00 AM; 11:30 AM; 1:00 PM; 2:30 PM; 4:00 PM; 8:30 PM
12-01-2023 02:24:58 PM,10:00 AM; 11:30 AM; 1:00 PM; 2:30 PM; 4:00 PM; 8:30 PM
12-01-2023 03:21:23 PM,10:00 AM; 11:30 AM; 1:00 PM; 2:30 PM; 4:00 PM; 8:30 PM
12-01-2023 04:27:26 PM,10:00 AM; 11:30 AM; 1:00 PM; 2:30 PM; 4:00 PM; 8:30 PM
12-02-2023 01:20:56 AM,10:00 AM; 11:30 AM; 1:00 PM; 2:30 PM; 4:00 PM; 8:30 PM
12-02-2023 02:26:09 AM,10:00 AM; 11:30 AM; 1:00 PM; 2:30 PM; 4:00 PM; 8:30 PM
12-02-2023 03:21:36 AM,10:00 AM; 11:30 AM; 1:00 PM; 2:30 PM; 4:00 PM; 8:30 PM
12-02-2023 04:27:12 AM,10:00 AM; 11:30 AM; 1:00 PM; 2:30 PM; 4:00 PM; 8:30 PM
12-02-2023 05:20:52 AM,10:00 AM; 11:30 AM; 1:00 PM; 2:30 PM; 4:00 PM; 8:30 PM
12-02-2023 06:38:42 AM,10:00 AM; 11:30 AM; 1:00 PM; 2:30 PM; 4:00 PM; 8:30 PM
12-02-2023 07:23:10 AM,10:00 AM; 11:30 AM; 1:00 PM; 2:30 PM; 4:00 PM; 8:30 PM
12-02-2023 08:24:46 AM,10:00 AM; 1:00 PM; 2:30 PM; 4:00 PM; 8:30 PM
12-02-2023 09:22:34 AM,10:00 AM; 1:00 PM; 2:30 PM; 4:00 PM; 8:30 PM
12-02-2023 10:28:36 AM,1:00 PM; 2:30 PM; 4:00 PM; 8:30 PM
12-02-2023 11:26:09 AM,1:00 PM; 2:30 PM; 4:00 PM; 8:30 PM
12-02-2023 12:26:28 PM,1:00 PM; 2:30 PM; 4:00 PM; 8:30 PM
12-02-2023 01:20:59 PM,2:30 PM; 4:00 PM; 8:30 PM
12-02-2023 02:22:48 PM,4:00 PM; 8:30 PM
12-02-2023 03:20:49 PM,4:00 PM; 8:30 PM
12-02-2023 04:25:52 PM,8:30 PM
